{"producer":{"name":"Blender","version":"2.80 (sub 75)","exporter_version":"6.4.4","file":"SK_Character_Ghost.babylon"},
"autoClear":true,"clearColor":[0.0509,0.0509,0.0509],"gravity":[0,-9.81,0],
"materials":[{"name":"M_Character","id":"M_Character","customType":"BABYLON.StandardMaterial","backFaceCulling":true,"checkReadyOnlyOnce":false,"maxSimultaneousLights":4,"specularPower":102.4,"alpha":1, 
"emissiveTexture":{"name":"../textures/T_Character_Cat.png","level":1,"hasAlpha":true,"coordinatesMode":0,"uOffset":0,"vOffset":0,"uScale":1,"vScale":1,"uAng":0,"vAng":0,"wAng":0,"wrapU":1,"wrapV":1,"coordinatesIndex":0}}],
"multiMaterials":[],
"skeletons":[{"name":"Armature","id":0,"dimensionsAtRest":[4.3145,6.9273,2.3176],"bones":[
{"name":"Stomach","index":0,"matrix":[1,0,0,0,0,0.7679,-0.6406,0,0,-0.6406,-0.7679,0,0,1.3673,-0.2561,1],"rest":[1,0,0,0,0,0.8453,-0.5343,0,0,-0.5343,-0.8453,0,0,1.0821,-0.0723,1],"parentBoneIndex":-1,"length":0.8664
,"animation":{"dataType":3,"framePerSecond":24,"keys":[
{"frame":0,"values":[1,0,0,0,0,0.8453,-0.5343,0,0,-0.5343,-0.8453,0,0,1.0821,-0.0723,1]},
{"frame":1,"values":[1,0,0,0,0,0.8453,-0.5343,0,0,-0.5343,-0.8453,0,0,1.0918,-0.074,1]},
{"frame":2,"values":[1,0,0,0,0,0.8453,-0.5343,0,0,-0.5343,-0.8453,0,0,1.1179,-0.0784,1]},
{"frame":3,"values":[1,0,0,0,0,0.8453,-0.5343,0,0,-0.5343,-0.8453,0,0,1.1565,-0.0849,1]},
{"frame":4,"values":[1,0,0,0,0,0.8453,-0.5343,0,0,-0.5343,-0.8453,0,0,1.2033,-0.0928,1]},
{"frame":5,"values":[1,0,0,0,0,0.8453,-0.5343,0,0,-0.5343,-0.8453,0,0,1.2543,-0.1014,1]},
{"frame":6,"values":[1,0,0,0,0,0.8453,-0.5343,0,0,-0.5343,-0.8453,0,0,1.3052,-0.1101,1]},
{"frame":7,"values":[1,0,0,0,0,0.8453,-0.5343,0,0,-0.5343,-0.8453,0,0,1.352,-0.118,1]},
{"frame":8,"values":[1,0,0,0,0,0.8453,-0.5343,0,0,-0.5343,-0.8453,0,0,1.3906,-0.1245,1]},
{"frame":9,"values":[1,0,0,0,0,0.8453,-0.5343,0,0,-0.5343,-0.8453,0,0,1.4168,-0.1289,1]},
{"frame":10,"values":[1,0,0,0,0,0.8453,-0.5343,0,0,-0.5343,-0.8453,0,0,1.4264,-0.1306,1]},
{"frame":11,"values":[1,0,0,0,0,0.8453,-0.5343,0,0,-0.5343,-0.8453,0,0,1.4196,-0.1294,1]},
{"frame":12,"values":[1,0,0,0,0,0.8453,-0.5343,0,0,-0.5343,-0.8453,0,0,1.4009,-0.1262,1]},
{"frame":13,"values":[1,0,0,0,0,0.8453,-0.5343,0,0,-0.5343,-0.8453,0,0,1.3726,-0.1215,1]},
{"frame":14,"values":[1,0,0,0,0,0.8453,-0.5343,0,0,-0.5343,-0.8453,0,0,1.3371,-0.1155,1]},
{"frame":15,"values":[1,0,0,0,0,0.8453,-0.5343,0,0,-0.5343,-0.8453,0,0,1.2969,-0.1087,1]},
{"frame":16,"values":[1,0,0,0,0,0.8453,-0.5343,0,0,-0.5343,-0.8453,0,0,1.2543,-0.1014,1]},
{"frame":17,"values":[1,0,0,0,0,0.8453,-0.5343,0,0,-0.5343,-0.8453,0,0,1.2116,-0.0942,1]},
{"frame":18,"values":[1,0,0,0,0,0.8453,-0.5343,0,0,-0.5343,-0.8453,0,0,1.1714,-0.0874,1]},
{"frame":19,"values":[1,0,0,0,0,0.8453,-0.5343,0,0,-0.5343,-0.8453,0,0,1.1359,-0.0814,1]},
{"frame":20,"values":[1,0,0,0,0,0.8453,-0.5343,0,0,-0.5343,-0.8453,0,0,1.1076,-0.0766,1]},
{"frame":21,"values":[1,0,0,0,0,0.8453,-0.5343,0,0,-0.5343,-0.8453,0,0,1.0889,-0.0735,1]},
{"frame":22,"values":[1,0,0,0,0,0.8453,-0.5343,0,0,-0.5343,-0.8453,0,0,1.0821,-0.0723,1]},
{"frame":30,"values":[1,0,0,0,0,0.7665,-0.6423,0,0,-0.6423,-0.7665,0,0,1.0821,-0.0723,1]},
{"frame":31,"values":[1,0,0,0,0,0.7702,-0.6378,0,0,-0.6378,-0.7702,0,0,1.0882,-0.0667,1]},
{"frame":32,"values":[1,0,0,0,0,0.7798,-0.626,0,0,-0.626,-0.7798,0,0,1.1061,-0.0534,1]},
{"frame":33,"values":[1,0,0,0,0,0.7927,-0.6097,0,0,-0.6097,-0.7927,0,0,1.1353,-0.0383,1]},
{"frame":34,"values":[1,0,0,0,0,0.8062,-0.5916,0,0,-0.5916,-0.8062,0,0,1.1752,-0.0269,1]},
{"frame":35,"values":[1,0,0,0,0,0.8183,-0.5747,0,0,-0.5747,-0.8183,0,0,1.2253,-0.025,1]},
{"frame":36,"values":[1,0,0,0,0,0.827,-0.5622,0,0,-0.5622,-0.827,0,0,1.2851,-0.0383,1]},
{"frame":37,"values":[1,0,0,0,0,0.8303,-0.5574,0,0,-0.5574,-0.8303,0,0,1.3541,-0.0723,1]},
{"frame":38,"values":[1,0,0,0,0,0.8294,-0.5586,0,0,-0.5586,-0.8294,0,0,1.4333,-0.1304,1]},
{"frame":39,"values":[1,0,0,0,0,0.8271,-0.5621,0,0,-0.5621,-0.8271,0,0,1.5229,-0.2079,1]},
{"frame":40,"values":[1,0,0,0,0,0.8235,-0.5673,0,0,-0.5673,-0.8235,0,0,1.6057,-0.2896,1]},
{"frame":41,"values":[1,0,0,0,0,0.819,-0.5739,0,0,-0.5739,-0.819,0,0,1.664,-0.3603,1]},
{"frame":42,"values":[1,0,0,0,0,0.8137,-0.5812,0,0,-0.5812,-0.8137,0,0,1.6998,-0.4167,1]},
{"frame":43,"values":[1,0,0,0,0,0.8081,-0.589,0,0,-0.589,-0.8081,0,0,1.7217,-0.46,1]},
{"frame":44,"values":[1,0,0,0,0,0.8024,-0.5967,0,0,-0.5967,-0.8024,0,0,1.7368,-0.4904,1]},
{"frame":45,"values":[1,0,0,0,0,0.797,-0.604,0,0,-0.604,-0.797,0,0,1.7502,-0.5068,1]},
{"frame":46,"values":[1,0,0,0,0,0.7921,-0.6104,0,0,-0.6104,-0.7921,0,0,1.7607,-0.5134,1]},
{"frame":47,"values":[1,0,0,0,0,0.7877,-0.6161,0,0,-0.6161,-0.7877,0,0,1.7638,-0.515,1]},
{"frame":48,"values":[1,0,0,0,0,0.7838,-0.621,0,0,-0.621,-0.7838,0,0,1.7588,-0.5113,1]},
{"frame":49,"values":[1,0,0,0,0,0.7804,-0.6253,0,0,-0.6253,-0.7804,0,0,1.7449,-0.5018,1]},
{"frame":50,"values":[1,0,0,0,0,0.7774,-0.6289,0,0,-0.6289,-0.7774,0,0,1.7212,-0.486,1]},
{"frame":51,"values":[1,0,0,0,0,0.775,-0.632,0,0,-0.632,-0.775,0,0,1.6871,-0.4635,1]},
{"frame":52,"values":[1,0,0,0,0,0.7729,-0.6346,0,0,-0.6346,-0.7729,0,0,1.642,-0.434,1]},
{"frame":53,"values":[1,0,0,0,0,0.7711,-0.6367,0,0,-0.6367,-0.7711,0,0,1.586,-0.3975,1]},
{"frame":54,"values":[1,0,0,0,0,0.7698,-0.6383,0,0,-0.6383,-0.7698,0,0,1.5199,-0.3546,1]},
{"frame":55,"values":[1,0,0,0,0,0.7687,-0.6396,0,0,-0.6396,-0.7687,0,0,1.4458,-0.3067,1]},
{"frame":56,"values":[1,0,0,0,0,0.7679,-0.6406,0,0,-0.6406,-0.7679,0,0,1.3673,-0.2561,1]},
{"frame":57,"values":[1,0,0,0,0,0.7673,-0.6413,0,0,-0.6413,-0.7673,0,0,1.2897,-0.2061,1]},
{"frame":58,"values":[1,0,0,0,0,0.7669,-0.6418,0,0,-0.6418,-0.7669,0,0,1.2188,-0.1604,1]},
{"frame":59,"values":[1,0,0,0,0,0.7667,-0.6421,0,0,-0.6421,-0.7667,0,0,1.1598,-0.1224,1]},
{"frame":60,"values":[1,0,0,0,0,0.7665,-0.6422,0,0,-0.6422,-0.7665,0,0,1.1165,-0.0945,1]},
{"frame":61,"values":[1,0,0,0,0,0.7665,-0.6423,0,0,-0.6423,-0.7665,0,0,1.0906,-0.0778,1]},
{"frame":62,"values":[1,0,0,0,0,0.7665,-0.6423,0,0,-0.6423,-0.7665,0,0,1.0821,-0.0723,1]}],"loopBehavior":1,"name":"anim","property":"_matrix"}},
{"name":"Chest","index":1,"matrix":[1,0,0,0,0,0.7728,-0.6346,0,0,0.6346,0.7728,0,0,0.8664,0,1],"rest":[1,0,0,0,0,0.7476,-0.6641,0,0,0.6641,0.7476,0,0,0.8664,0,1],"parentBoneIndex":0,"length":0.8491
,"animation":{"dataType":3,"framePerSecond":24,"keys":[
{"frame":0,"values":[1,0,0,0,0,0.7476,-0.6641,0,0,0.6641,0.7476,0,0,0.8664,0,1]},
{"frame":22,"values":[1,0,0,0,0,0.7476,-0.6641,0,0,0.6641,0.7476,0,0,0.8664,0,1]},
{"frame":30,"values":[1,0,0,0,0,0.7476,-0.6641,0,0,0.6641,0.7476,0,0,0.8664,0,1]},
{"frame":31,"values":[1,0,0,0,0,0.7468,-0.665,0,0,0.665,0.7468,0,0,0.8664,0,1]},
{"frame":32,"values":[1,0,0,0,0,0.7444,-0.6678,0,0,0.6678,0.7444,0,0,0.8664,0,1]},
{"frame":33,"values":[1,0,0,0,0,0.7405,-0.6721,0,0,0.6721,0.7405,0,0,0.8664,0,1]},
{"frame":34,"values":[1,0,0,0,0,0.7353,-0.6777,0,0,0.6777,0.7353,0,0,0.8664,0,1]},
{"frame":35,"values":[1,0,0,0,0,0.7293,-0.6842,0,0,0.6842,0.7293,0,0,0.8664,0,1]},
{"frame":36,"values":[1,0,0,0,0,0.7228,-0.6911,0,0,0.6911,0.7228,0,0,0.8664,0,1]},
{"frame":37,"values":[1,0,0,0,0,0.7259,-0.6879,0,0,0.6879,0.7259,0,0,0.8664,0,1]},
{"frame":38,"values":[1,0,0,0,0,0.7341,-0.679,0,0,0.679,0.7341,0,0,0.8664,0,1]},
{"frame":39,"values":[1,0,0,0,0,0.7461,-0.6658,0,0,0.6658,0.7461,0,0,0.8664,0,1]},
{"frame":40,"values":[1,0,0,0,0,0.7604,-0.6495,0,0,0.6495,0.7604,0,0,0.8664,0,1]},
{"frame":41,"values":[1,0,0,0,0,0.7755,-0.6314,0,0,0.6314,0.7755,0,0,0.8664,0,1]},
{"frame":42,"values":[1,0,0,0,0,0.7901,-0.6129,0,0,0.6129,0.7901,0,0,0.8664,0,1]},
{"frame":43,"values":[1,0,0,0,0,0.8032,-0.5957,0,0,0.5957,0.8032,0,0,0.8664,0,1]},
{"frame":44,"values":[1,0,0,0,0,0.8137,-0.5813,0,0,0.5813,0.8137,0,0,0.8664,0,1]},
{"frame":45,"values":[1,0,0,0,0,0.8207,-0.5714,0,0,0.5714,0.8207,0,0,0.8664,0,1]},
{"frame":46,"values":[1,0,0,0,0,0.8232,-0.5677,0,0,0.5677,0.8232,0,0,0.8664,0,1]},
{"frame":47,"values":[1,0,0,0,0,0.8224,-0.5689,0,0,0.5689,0.8224,0,0,0.8664,0,1]},
{"frame":48,"values":[1,0,0,0,0,0.8202,-0.572,0,0,0.572,0.8202,0,0,0.8664,0,1]},
{"frame":49,"values":[1,0,0,0,0,0.8168,-0.577,0,0,0.577,0.8168,0,0,0.8664,0,1]},
{"frame":50,"values":[1,0,0,0,0,0.8122,-0.5834,0,0,0.5834,0.8122,0,0,0.8664,0,1]},
{"frame":51,"values":[1,0,0,0,0,0.8068,-0.5909,0,0,0.5909,0.8068,0,0,0.8664,0,1]},
{"frame":52,"values":[1,0,0,0,0,0.8006,-0.5992,0,0,0.5992,0.8006,0,0,0.8664,0,1]},
{"frame":53,"values":[1,0,0,0,0,0.7939,-0.608,0,0,0.608,0.7939,0,0,0.8664,0,1]},
{"frame":54,"values":[1,0,0,0,0,0.7869,-0.6171,0,0,0.6171,0.7869,0,0,0.8664,0,1]},
{"frame":55,"values":[1,0,0,0,0,0.7798,-0.626,0,0,0.626,0.7798,0,0,0.8664,0,1]},
{"frame":56,"values":[1,0,0,0,0,0.7728,-0.6346,0,0,0.6346,0.7728,0,0,0.8664,0,1]},
{"frame":57,"values":[1,0,0,0,0,0.7662,-0.6426,0,0,0.6426,0.7662,0,0,0.8664,0,1]},
{"frame":58,"values":[1,0,0,0,0,0.7602,-0.6497,0,0,0.6497,0.7602,0,0,0.8664,0,1]},
{"frame":59,"values":[1,0,0,0,0,0.7551,-0.6556,0,0,0.6556,0.7551,0,0,0.8664,0,1]},
{"frame":60,"values":[1,0,0,0,0,0.7511,-0.6602,0,0,0.6602,0.7511,0,0,0.8664,0,1]},
{"frame":61,"values":[1,0,0,0,0,0.7486,-0.6631,0,0,0.6631,0.7486,0,0,0.8664,0,1]},
{"frame":62,"values":[1,0,0,0,0,0.7476,-0.6641,0,0,0.6641,0.7476,0,0,0.8664,0,1]}],"loopBehavior":1,"name":"anim","property":"_matrix"}},
{"name":"Head","index":2,"matrix":[1,0,0,0,0,0.9962,-0.0876,0,0,0.0876,0.9962,0,0,0.8491,0,1],"rest":[1,0,0,0,0,0.9994,-0.0344,0,0,0.0344,0.9994,0,0,0.8491,0,1],"parentBoneIndex":1,"length":2.0329
,"animation":{"dataType":3,"framePerSecond":24,"keys":[
{"frame":0,"values":[1,0,0,0,0,0.9994,-0.0344,0,0,0.0344,0.9994,0,0,0.8491,0,1]},
{"frame":1,"values":[1,0,0,0,0,0.9995,-0.0325,0,0,0.0325,0.9995,0,0,0.8491,0,1]},
{"frame":2,"values":[1,0,0,0,0,0.9996,-0.0278,0,0,0.0278,0.9996,0,0,0.8491,0,1]},
{"frame":3,"values":[1,0,0,0,0,0.9998,-0.0223,0,0,0.0223,0.9998,0,0,0.8491,0,1]},
{"frame":4,"values":[1,0,0,0,0,0.9998,-0.0177,0,0,0.0177,0.9998,0,0,0.8491,0,1]},
{"frame":5,"values":[1,0,0,0,0,0.9999,-0.0158,0,0,0.0158,0.9999,0,0,0.8491,0,1]},
{"frame":6,"values":[1,0,0,0,0,0.9998,-0.0179,0,0,0.0179,0.9998,0,0,0.8491,0,1]},
{"frame":7,"values":[1,0,0,0,0,0.9997,-0.0235,0,0,0.0235,0.9997,0,0,0.8491,0,1]},
{"frame":8,"values":[1,0,0,0,0,0.9995,-0.0316,0,0,0.0316,0.9995,0,0,0.8491,0,1]},
{"frame":9,"values":[1,0,0,0,0,0.9991,-0.0413,0,0,0.0413,0.9991,0,0,0.8491,0,1]},
{"frame":10,"values":[1,0,0,0,0,0.9987,-0.0514,0,0,0.0514,0.9987,0,0,0.8491,0,1]},
{"frame":11,"values":[1,0,0,0,0,0.9981,-0.0611,0,0,0.0611,0.9981,0,0,0.8491,0,1]},
{"frame":12,"values":[1,0,0,0,0,0.9976,-0.0692,0,0,0.0692,0.9976,0,0,0.8491,0,1]},
{"frame":13,"values":[1,0,0,0,0,0.9972,-0.0748,0,0,0.0748,0.9972,0,0,0.8491,0,1]},
{"frame":14,"values":[1,0,0,0,0,0.997,-0.0769,0,0,0.0769,0.997,0,0,0.8491,0,1]},
{"frame":15,"values":[1,0,0,0,0,0.9972,-0.0751,0,0,0.0751,0.9972,0,0,0.8491,0,1]},
{"frame":16,"values":[1,0,0,0,0,0.9975,-0.0703,0,0,0.0703,0.9975,0,0,0.8491,0,1]},
{"frame":17,"values":[1,0,0,0,0,0.998,-0.0635,0,0,0.0635,0.998,0,0,0.8491,0,1]},
{"frame":18,"values":[1,0,0,0,0,0.9984,-0.0557,0,0,0.0557,0.9984,0,0,0.8491,0,1]},
{"frame":19,"values":[1,0,0,0,0,0.9989,-0.0479,0,0,0.0479,0.9989,0,0,0.8491,0,1]},
{"frame":20,"values":[1,0,0,0,0,0.9992,-0.041,0,0,0.041,0.9992,0,0,0.8491,0,1]},
{"frame":21,"values":[1,0,0,0,0,0.9993,-0.0362,0,0,0.0362,0.9993,0,0,0.8491,0,1]},
{"frame":22,"values":[1,0,0,0,0,0.9994,-0.0344,0,0,0.0344,0.9994,0,0,0.8491,0,1]},
{"frame":30,"values":[1,0,0,0,0,0.9994,-0.0344,0,0,0.0344,0.9994,0,0,0.8491,0,1]},
{"frame":31,"values":[1,0,0,0,0,0.9994,-0.0348,0,0,0.0348,0.9994,0,0,0.8491,0,1]},
{"frame":32,"values":[1,0,0,0,0,0.9994,-0.036,0,0,0.036,0.9994,0,0,0.8491,0,1]},
{"frame":33,"values":[1,0,0,0,0,0.9993,-0.038,0,0,0.038,0.9993,0,0,0.8491,0,1]},
{"frame":34,"values":[1,0,0,0,0,0.9992,-0.0407,0,0,0.0407,0.9992,0,0,0.8491,0,1]},
{"frame":35,"values":[1,0,0,0,0,0.999,-0.044,0,0,0.044,0.999,0,0,0.8491,0,1]},
{"frame":36,"values":[1,0,0,0,0,0.9989,-0.0478,0,0,0.0478,0.9989,0,0,0.8491,0,1]},
{"frame":37,"values":[1,0,0,0,0,0.9986,-0.052,0,0,0.052,0.9986,0,0,0.8491,0,1]},
{"frame":38,"values":[1,0,0,0,0,0.9984,-0.0566,0,0,0.0566,0.9984,0,0,0.8491,0,1]},
{"frame":39,"values":[1,0,0,0,0,0.9981,-0.0612,0,0,0.0612,0.9981,0,0,0.8491,0,1]},
{"frame":40,"values":[1,0,0,0,0,0.9973,-0.0734,0,0,0.0734,0.9973,0,0,0.8491,0,1]},
{"frame":41,"values":[1,0,0,0,0,0.9959,-0.0907,0,0,0.0907,0.9959,0,0,0.8491,0,1]},
{"frame":42,"values":[1,0,0,0,0,0.9938,-0.1109,0,0,0.1109,0.9938,0,0,0.8491,0,1]},
{"frame":43,"values":[1,0,0,0,0,0.9912,-0.1321,0,0,0.1321,0.9912,0,0,0.8491,0,1]},
{"frame":44,"values":[1,0,0,0,0,0.9884,-0.1521,0,0,0.1521,0.9884,0,0,0.8491,0,1]},
{"frame":45,"values":[1,0,0,0,0,0.9856,-0.1689,0,0,0.1689,0.9856,0,0,0.8491,0,1]},
{"frame":46,"values":[1,0,0,0,0,0.9836,-0.1805,0,0,0.1805,0.9836,0,0,0.8491,0,1]},
{"frame":47,"values":[1,0,0,0,0,0.9828,-0.1848,0,0,0.1848,0.9828,0,0,0.8491,0,1]},
{"frame":48,"values":[1,0,0,0,0,0.9831,-0.1829,0,0,0.1829,0.9831,0,0,0.8491,0,1]},
{"frame":49,"values":[1,0,0,0,0,0.9841,-0.1775,0,0,0.1775,0.9841,0,0,0.8491,0,1]},
{"frame":50,"values":[1,0,0,0,0,0.9856,-0.1693,0,0,0.1693,0.9856,0,0,0.8491,0,1]},
{"frame":51,"values":[1,0,0,0,0,0.9873,-0.1586,0,0,0.1586,0.9873,0,0,0.8491,0,1]},
{"frame":52,"values":[1,0,0,0,0,0.9893,-0.1461,0,0,0.1461,0.9893,0,0,0.8491,0,1]},
{"frame":53,"values":[1,0,0,0,0,0.9912,-0.1322,0,0,0.1322,0.9912,0,0,0.8491,0,1]},
{"frame":54,"values":[1,0,0,0,0,0.9931,-0.1174,0,0,0.1174,0.9931,0,0,0.8491,0,1]},
{"frame":55,"values":[1,0,0,0,0,0.9947,-0.1024,0,0,0.1024,0.9947,0,0,0.8491,0,1]},
{"frame":56,"values":[1,0,0,0,0,0.9962,-0.0876,0,0,0.0876,0.9962,0,0,0.8491,0,1]},
{"frame":57,"values":[1,0,0,0,0,0.9973,-0.0736,0,0,0.0736,0.9973,0,0,0.8491,0,1]},
{"frame":58,"values":[1,0,0,0,0,0.9981,-0.0609,0,0,0.0609,0.9981,0,0,0.8491,0,1]},
{"frame":59,"values":[1,0,0,0,0,0.9987,-0.0501,0,0,0.0501,0.9987,0,0,0.8491,0,1]},
{"frame":60,"values":[1,0,0,0,0,0.9991,-0.0417,0,0,0.0417,0.9991,0,0,0.8491,0,1]},
{"frame":61,"values":[1,0,0,0,0,0.9993,-0.0363,0,0,0.0363,0.9993,0,0,0.8491,0,1]},
{"frame":62,"values":[1,0,0,0,0,0.9994,-0.0344,0,0,0.0344,0.9994,0,0,0.8491,0,1]}],"loopBehavior":1,"name":"anim","property":"_matrix"}},
{"name":"Ear.L","index":3,"matrix":[0.2642,0.3783,0.8872,0,0.379,0.8051,-0.4562,0,-0.8869,0.4567,0.0693,0,1.6618,3.2076,0.2344,1],"rest":[0.2642,0.2804,0.9228,0,0.379,0.8497,-0.3667,0,-0.8869,0.4466,0.1182,0,1.6618,3.2076,0.2344,1],"parentBoneIndex":2,"length":1.3073
,"animation":{"dataType":3,"framePerSecond":24,"keys":[
{"frame":0,"values":[0.2642,0.2804,0.9228,0,0.379,0.8497,-0.3667,0,-0.8869,0.4466,0.1182,0,1.6618,3.2076,0.2344,1]},
{"frame":14,"values":[0.2737,0.3057,0.912,0,0.391,0.8309,-0.3958,0,-0.8788,0.4649,0.1079,0,1.6618,3.2076,0.2344,1]},
{"frame":15,"values":[0.2922,0.3512,0.8895,0,0.4121,0.7931,-0.4485,0,-0.863,0.4976,0.0871,0,1.6618,3.2076,0.2344,1]},
{"frame":16,"values":[0.3027,0.3749,0.8762,0,0.4227,0.7712,-0.476,0,-0.8542,0.5145,0.075,0,1.6618,3.2076,0.2344,1]},
{"frame":17,"values":[0.2923,0.3531,0.8888,0,0.412,0.7922,-0.4502,0,-0.863,0.4978,0.0861,0,1.6618,3.2076,0.2344,1]},
{"frame":18,"values":[0.2737,0.3104,0.9104,0,0.391,0.8289,-0.4001,0,-0.8788,0.4654,0.1055,0,1.6618,3.2076,0.2344,1]},
{"frame":19,"values":[0.2642,0.2844,0.9216,0,0.379,0.8481,-0.3704,0,-0.8869,0.4471,0.1163,0,1.6618,3.2076,0.2344,1]},
{"frame":20,"values":[0.2642,0.2816,0.9225,0,0.379,0.8492,-0.3678,0,-0.8869,0.4467,0.1176,0,1.6618,3.2076,0.2344,1]},
{"frame":21,"values":[0.2642,0.2805,0.9228,0,0.379,0.8496,-0.3668,0,-0.8869,0.4466,0.1181,0,1.6618,3.2076,0.2344,1]},
{"frame":22,"values":[0.2642,0.2804,0.9228,0,0.379,0.8497,-0.3667,0,-0.8869,0.4466,0.1182,0,1.6618,3.2076,0.2344,1]},
{"frame":30,"values":[0.2642,0.2804,0.9228,0,0.379,0.8497,-0.3667,0,-0.8869,0.4466,0.1182,0,1.6618,3.2076,0.2344,1]},
{"frame":31,"values":[0.2642,0.2828,0.9221,0,0.379,0.8487,-0.3689,0,-0.8869,0.4469,0.117,0,1.6618,3.2076,0.2344,1]},
{"frame":32,"values":[0.2642,0.29,0.9198,0,0.379,0.8458,-0.3755,0,-0.8869,0.4478,0.1136,0,1.6618,3.2076,0.2344,1]},
{"frame":33,"values":[0.2642,0.3018,0.916,0,0.379,0.8409,-0.3864,0,-0.8869,0.4492,0.1078,0,1.6618,3.2076,0.2344,1]},
{"frame":34,"values":[0.2642,0.3182,0.9105,0,0.379,0.8339,-0.4013,0,-0.8869,0.4511,0.0997,0,1.6618,3.2076,0.2344,1]},
{"frame":35,"values":[0.2642,0.3387,0.9031,0,0.379,0.8246,-0.4201,0,-0.8869,0.4532,0.0895,0,1.6618,3.2076,0.2344,1]},
{"frame":36,"values":[0.2642,0.363,0.8935,0,0.379,0.8129,-0.4423,0,-0.8869,0.4555,0.0772,0,1.6618,3.2076,0.2344,1]},
{"frame":37,"values":[0.2642,0.3908,0.8817,0,0.379,0.7986,-0.4675,0,-0.8869,0.4577,0.0629,0,1.6618,3.2076,0.2344,1]},
{"frame":38,"values":[0.2642,0.4215,0.8675,0,0.379,0.7818,-0.4952,0,-0.8869,0.4596,0.0468,0,1.6618,3.2076,0.2344,1]},
{"frame":39,"values":[0.2642,0.4544,0.8507,0,0.379,0.7622,-0.5248,0,-0.8869,0.461,0.0291,0,1.6618,3.2076,0.2344,1]},
{"frame":40,"values":[0.2642,0.4891,0.8313,0,0.379,0.7399,-0.5558,0,-0.8869,0.4619,0.0101,0,1.6618,3.2076,0.2344,1]},
{"frame":41,"values":[0.2642,0.5247,0.8092,0,0.379,0.7151,-0.5874,0,-0.8869,0.4619,-0.0099,0,1.6618,3.2076,0.2344,1]},
{"frame":42,"values":[0.2642,0.5607,0.7847,0,0.379,0.6879,-0.6191,0,-0.8869,0.4609,-0.0308,0,1.6618,3.2076,0.2344,1]},
{"frame":43,"values":[0.2642,0.5963,0.758,0,0.379,0.6586,-0.6501,0,-0.8869,0.459,-0.052,0,1.6618,3.2076,0.2344,1]},
{"frame":44,"values":[0.2642,0.631,0.7294,0,0.379,0.6276,-0.6801,0,-0.8869,0.4561,-0.0733,0,1.6618,3.2076,0.2344,1]},
{"frame":45,"values":[0.2642,0.6283,0.7318,0,0.379,0.6301,-0.6778,0,-0.8869,0.4564,-0.0716,0,1.6618,3.2076,0.2344,1]},
{"frame":46,"values":[0.2642,0.6205,0.7384,0,0.379,0.6372,-0.6711,0,-0.8869,0.4571,-0.0668,0,1.6618,3.2076,0.2344,1]},
{"frame":47,"values":[0.2642,0.6082,0.7485,0,0.379,0.6482,-0.6605,0,-0.8869,0.4582,-0.0593,0,1.6618,3.2076,0.2344,1]},
{"frame":48,"values":[0.2642,0.5918,0.7616,0,0.379,0.6624,-0.6462,0,-0.8869,0.4593,-0.0493,0,1.6618,3.2076,0.2344,1]},
{"frame":49,"values":[0.2642,0.5718,0.7767,0,0.379,0.679,-0.6287,0,-0.8869,0.4605,-0.0373,0,1.6618,3.2076,0.2344,1]},
{"frame":50,"values":[0.2642,0.5486,0.7933,0,0.379,0.6973,-0.6084,0,-0.8869,0.4614,-0.0237,0,1.6618,3.2076,0.2344,1]},
{"frame":51,"values":[0.2642,0.5228,0.8105,0,0.379,0.7165,-0.5857,0,-0.8869,0.4619,-0.0088,0,1.6618,3.2076,0.2344,1]},
{"frame":52,"values":[0.2642,0.495,0.8278,0,0.379,0.736,-0.561,0,-0.8869,0.4619,0.0069,0,1.6618,3.2076,0.2344,1]},
{"frame":53,"values":[0.2642,0.4658,0.8445,0,0.379,0.7551,-0.535,0,-0.8869,0.4614,0.0229,0,1.6618,3.2076,0.2344,1]},
{"frame":54,"values":[0.2642,0.4361,0.8602,0,0.379,0.7732,-0.5084,0,-0.8869,0.4603,0.039,0,1.6618,3.2076,0.2344,1]},
{"frame":55,"values":[0.2642,0.4067,0.8745,0,0.379,0.79,-0.4819,0,-0.8869,0.4587,0.0546,0,1.6618,3.2076,0.2344,1]},
{"frame":56,"values":[0.2642,0.3783,0.8872,0,0.379,0.8051,-0.4562,0,-0.8869,0.4567,0.0693,0,1.6618,3.2076,0.2344,1]},
{"frame":57,"values":[0.2642,0.352,0.898,0,0.379,0.8183,-0.4322,0,-0.8869,0.4545,0.0828,0,1.6618,3.2076,0.2344,1]},
{"frame":58,"values":[0.2642,0.3284,0.9068,0,0.379,0.8293,-0.4108,0,-0.8869,0.4522,0.0946,0,1.6618,3.2076,0.2344,1]},
{"frame":59,"values":[0.2642,0.3087,0.9137,0,0.379,0.838,-0.3926,0,-0.8869,0.45,0.1044,0,1.6618,3.2076,0.2344,1]},
{"frame":60,"values":[0.2642,0.2935,0.9187,0,0.379,0.8444,-0.3787,0,-0.8869,0.4482,0.1118,0,1.6618,3.2076,0.2344,1]},
{"frame":61,"values":[0.2642,0.2838,0.9218,0,0.379,0.8483,-0.3698,0,-0.8869,0.447,0.1166,0,1.6618,3.2076,0.2344,1]},
{"frame":62,"values":[0.2642,0.2804,0.9228,0,0.379,0.8497,-0.3667,0,-0.8869,0.4466,0.1182,0,1.6618,3.2076,0.2344,1]}],"loopBehavior":1,"name":"anim","property":"_matrix"}},
{"name":"Arm.L","index":4,"matrix":[-0.9719,-0.198,0.127,0,0.1835,-0.3004,0.936,0,-0.1472,0.933,0.3283,0,0.7946,0.5738,-0.2025,1],"rest":[0.2827,-0.3747,0.883,0,0.7317,-0.511,-0.4511,0,0.6203,0.7736,0.1297,0,0.7937,0.5669,-0.2041,1],"parentBoneIndex":1,"length":0.7483
,"animation":{"dataType":3,"framePerSecond":24,"keys":[
{"frame":0,"values":[-0.9134,0.2413,-0.3278,0,-0.3802,-0.7934,0.4753,0,-0.1454,0.5588,0.8165,0,0.7937,0.5769,-0.2651,1]},
{"frame":1,"values":[-0.9115,0.2528,-0.3243,0,-0.3869,-0.7946,0.4679,0,-0.1394,0.552,0.8221,0,0.7937,0.5769,-0.2651,1]},
{"frame":2,"values":[-0.9066,0.2801,-0.3156,0,-0.403,-0.7968,0.4502,0,-0.1254,0.5354,0.8353,0,0.7937,0.5769,-0.2651,1]},
{"frame":3,"values":[-0.8999,0.3122,-0.3045,0,-0.4222,-0.7986,0.429,0,-0.1092,0.5146,0.8505,0,0.7937,0.5769,-0.2651,1]},
{"frame":4,"values":[-0.8937,0.3386,-0.2945,0,-0.4383,-0.7994,0.4109,0,-0.0963,0.4963,0.8628,0,0.7937,0.5769,-0.2651,1]},
{"frame":5,"values":[-0.8909,0.3492,-0.2904,0,-0.4448,-0.8,0.4027,0,-0.0917,0.4879,0.8681,0,0.7937,0.5769,-0.2651,1]},
{"frame":6,"values":[-0.8942,0.3365,-0.2954,0,-0.4364,-0.8026,0.4068,0,-0.1002,0.4926,0.8644,0,0.7937,0.5769,-0.2651,1]},
{"frame":7,"values":[-0.9019,0.3028,-0.308,0,-0.4144,-0.8076,0.4196,0,-0.1217,0.5061,0.8539,0,0.7937,0.5769,-0.2651,1]},
{"frame":8,"values":[-0.9112,0.2532,-0.325,0,-0.3826,-0.8129,0.4391,0,-0.153,0.5244,0.8376,0,0.7937,0.5769,-0.2651,1]},
{"frame":9,"values":[-0.9191,0.1934,-0.3434,0,-0.3448,-0.8165,0.4631,0,-0.1908,0.544,0.8171,0,0.7937,0.5769,-0.2651,1]},
{"frame":10,"values":[-0.9237,0.1295,-0.3605,0,-0.3054,-0.817,0.4891,0,-0.2312,0.5618,0.7943,0,0.7937,0.5769,-0.2651,1]},
{"frame":11,"values":[-0.9247,0.0681,-0.3746,0,-0.2683,-0.8146,0.5142,0,-0.2701,0.576,0.7715,0,0.7937,0.5769,-0.2651,1]},
{"frame":12,"values":[-0.9229,0.0161,-0.3847,0,-0.2375,-0.8104,0.5356,0,-0.3031,0.5857,0.7517,0,0.7937,0.5769,-0.2651,1]},
{"frame":13,"values":[-0.9203,-0.0197,-0.3908,0,-0.2165,-0.8063,0.5505,0,-0.3259,0.5912,0.7377,0,0.7937,0.5769,-0.2651,1]},
{"frame":14,"values":[-0.919,-0.033,-0.3929,0,-0.2088,-0.8045,0.556,0,-0.3344,0.593,0.7324,0,0.7937,0.5769,-0.2651,1]},
{"frame":15,"values":[-0.9202,-0.0212,-0.3908,0,-0.216,-0.8051,0.5524,0,-0.3263,0.5927,0.7363,0,0.7937,0.5769,-0.2651,1]},
{"frame":16,"values":[-0.9229,0.0102,-0.3849,0,-0.2353,-0.8063,0.5428,0,-0.3048,0.5915,0.7465,0,0.7937,0.5769,-0.2651,1]},
{"frame":17,"values":[-0.9251,0.0546,-0.3759,0,-0.2627,-0.8067,0.5294,0,-0.2744,0.5884,0.7606,0,0.7937,0.5769,-0.2651,1]},
{"frame":18,"values":[-0.9252,0.1053,-0.3645,0,-0.2943,-0.8056,0.5143,0,-0.2394,0.5831,0.7763,0,0.7937,0.5769,-0.2651,1]},
{"frame":19,"values":[-0.923,0.1557,-0.3519,0,-0.3259,-0.8026,0.4996,0,-0.2046,0.5758,0.7916,0,0.7937,0.5769,-0.2651,1]},
{"frame":20,"values":[-0.919,0.1993,-0.3401,0,-0.3534,-0.7986,0.4871,0,-0.1745,0.5679,0.8044,0,0.7937,0.5769,-0.2651,1]},
{"frame":21,"values":[-0.9151,0.2298,-0.3312,0,-0.3728,-0.795,0.4785,0,-0.1534,0.5614,0.8132,0,0.7937,0.5769,-0.2651,1]},
{"frame":22,"values":[-0.9134,0.2413,-0.3278,0,-0.3802,-0.7934,0.4753,0,-0.1454,0.5588,0.8165,0,0.7937,0.5769,-0.2651,1]},
{"frame":30,"values":[-0.9723,-0.207,0.1081,0,0.1801,-0.3702,0.9113,0,-0.1487,0.9056,0.3972,0,0.7937,0.5669,-0.2041,1]},
{"frame":31,"values":[-0.9717,-0.2075,0.1129,0,0.1851,-0.3715,0.9098,0,-0.1468,0.9049,0.3994,0,0.7937,0.5675,-0.205,1]},
{"frame":32,"values":[-0.9696,-0.2089,0.1273,0,0.1997,-0.3754,0.9051,0,-0.1413,0.903,0.4057,0,0.7937,0.5693,-0.2078,1]},
{"frame":33,"values":[-0.9657,-0.2114,0.1508,0,0.2236,-0.3817,0.8968,0,-0.1321,0.8998,0.4159,0,0.7937,0.5723,-0.2125,1]},
{"frame":34,"values":[-0.9594,-0.2151,0.1826,0,0.2558,-0.3902,0.8845,0,-0.119,0.8953,0.4293,0,0.7937,0.5762,-0.2187,1]},
{"frame":35,"values":[-0.95,-0.2201,0.2215,0,0.295,-0.4003,0.8676,0,-0.1022,0.8896,0.4452,0,0.7937,0.5811,-0.2264,1]},
{"frame":36,"values":[-0.937,-0.2264,0.2662,0,0.3397,-0.4118,0.8456,0,-0.0818,0.8827,0.4627,0,0.7937,0.5868,-0.2353,1]},
{"frame":37,"values":[-0.9199,-0.2341,0.3147,0,0.3879,-0.4239,0.8184,0,-0.0582,0.8749,0.4807,0,0.7937,0.5931,-0.2452,1]},
{"frame":38,"values":[-0.8986,-0.2431,0.3653,0,0.4376,-0.4361,0.7863,0,-0.0319,0.8664,0.4983,0,0.7937,0.5998,-0.2557,1]},
{"frame":39,"values":[-0.8735,-0.2532,0.4157,0,0.4868,-0.448,0.7499,0,-0.0037,0.8574,0.5146,0,0.7937,0.6067,-0.2666,1]},
{"frame":40,"values":[-0.8795,-0.2507,0.4046,0,0.4759,-0.4429,0.7599,0,-0.0114,0.8608,0.5088,0,0.7936,0.6063,-0.2639,1]},
{"frame":41,"values":[-0.8948,-0.2438,0.3742,0,0.4454,-0.4277,0.7866,0,-0.0317,0.8704,0.4912,0,0.7934,0.6052,-0.257,1]},
{"frame":42,"values":[-0.915,-0.2337,0.3288,0,0.3989,-0.4026,0.8239,0,-0.0602,0.885,0.4616,0,0.7932,0.6037,-0.2474,1]},
{"frame":43,"values":[-0.9357,-0.2222,0.2741,0,0.3409,-0.3686,0.8649,0,-0.0911,0.9027,0.4206,0,0.793,0.6018,-0.2365,1]},
{"frame":44,"values":[-0.953,-0.2107,0.2175,0,0.2785,-0.3278,0.9028,0,-0.119,0.9209,0.3711,0,0.793,0.5998,-0.226,1]},
{"frame":45,"values":[-0.9652,-0.2002,0.1681,0,0.2214,-0.284,0.9329,0,-0.1391,0.9377,0.3185,0,0.7932,0.5978,-0.2174,1]},
{"frame":46,"values":[-0.9723,-0.1903,0.1354,0,0.1801,-0.2421,0.9534,0,-0.1487,0.9514,0.2697,0,0.7937,0.596,-0.2123,1]},
{"frame":47,"values":[-0.9723,-0.1904,0.1353,0,0.1802,-0.2427,0.9532,0,-0.1486,0.9512,0.2703,0,0.7942,0.5942,-0.2096,1]},
{"frame":48,"values":[-0.9723,-0.1906,0.1352,0,0.1804,-0.2447,0.9527,0,-0.1485,0.9507,0.2723,0,0.7947,0.5922,-0.2074,1]},
{"frame":49,"values":[-0.9723,-0.191,0.1349,0,0.1808,-0.2479,0.9518,0,-0.1484,0.9498,0.2755,0,0.795,0.59,-0.2057,1]},
{"frame":50,"values":[-0.9722,-0.1916,0.1345,0,0.1813,-0.2523,0.9505,0,-0.1482,0.9485,0.28,0,0.7951,0.5877,-0.2044,1]},
{"frame":51,"values":[-0.9721,-0.1924,0.1339,0,0.1817,-0.2579,0.9489,0,-0.148,0.9468,0.2856,0,0.7952,0.5853,-0.2034,1]},
{"frame":52,"values":[-0.9721,-0.1932,0.1331,0,0.1822,-0.2645,0.947,0,-0.1478,0.9448,0.2924,0,0.7952,0.5829,-0.2028,1]},
{"frame":53,"values":[-0.972,-0.1943,0.132,0,0.1827,-0.2722,0.9447,0,-0.1476,0.9424,0.3001,0,0.7951,0.5805,-0.2024,1]},
{"frame":54,"values":[-0.972,-0.1954,0.1306,0,0.1831,-0.2808,0.9421,0,-0.1474,0.9397,0.3087,0,0.795,0.5782,-0.2023,1]},
{"frame":55,"values":[-0.972,-0.1967,0.129,0,0.1833,-0.2903,0.9392,0,-0.1473,0.9365,0.3182,0,0.7948,0.5759,-0.2024,1]},
{"frame":56,"values":[-0.9719,-0.198,0.127,0,0.1835,-0.3004,0.936,0,-0.1472,0.933,0.3283,0,0.7946,0.5738,-0.2025,1]},
{"frame":57,"values":[-0.9719,-0.1994,0.1247,0,0.1835,-0.3112,0.9325,0,-0.1472,0.9292,0.3391,0,0.7944,0.5719,-0.2028,1]},
{"frame":58,"values":[-0.972,-0.2009,0.1221,0,0.1833,-0.3225,0.9287,0,-0.1472,0.925,0.3503,0,0.7942,0.5702,-0.2032,1]},
{"frame":59,"values":[-0.972,-0.2025,0.1191,0,0.1829,-0.3341,0.9246,0,-0.1474,0.9205,0.3618,0,0.794,0.5689,-0.2035,1]},
{"frame":60,"values":[-0.9721,-0.204,0.1158,0,0.1822,-0.3461,0.9203,0,-0.1477,0.9158,0.3736,0,0.7938,0.5678,-0.2038,1]},
{"frame":61,"values":[-0.9722,-0.2055,0.1121,0,0.1813,-0.3581,0.9159,0,-0.1481,0.9108,0.3854,0,0.7937,0.5672,-0.204,1]},
{"frame":62,"values":[-0.9723,-0.207,0.1081,0,0.1801,-0.3702,0.9113,0,-0.1487,0.9056,0.3972,0,0.7937,0.5669,-0.2041,1]}],"loopBehavior":1,"name":"anim","property":"_matrix"}},
{"name":"Tail_1","index":5,"matrix":[0.9991,0.0201,0.0373,0,0.0392,-0.7733,-0.6328,0,0.0162,0.6337,-0.7734,0,0,0,0,1],"rest":[1,0,0,0,0,-0.74,-0.6726,0,0,0.6726,-0.74,0,0,0,0,1],"parentBoneIndex":0,"length":1.2232
,"animation":{"dataType":3,"framePerSecond":24,"keys":[
{"frame":0,"values":[1,0,0,0,0,-0.74,-0.6726,0,0,0.6726,-0.74,0,0,0,0,1]},
{"frame":1,"values":[1,0,0,0,0,-0.7426,-0.6697,0,0,0.6697,-0.7426,0,0,0,0,1]},
{"frame":2,"values":[1,0,0,0,0,-0.7489,-0.6627,0,0,0.6627,-0.7489,0,0,0,0,1]},
{"frame":3,"values":[1,0,0,0,0,-0.7563,-0.6542,0,0,0.6542,-0.7563,0,0,0,0,1]},
{"frame":4,"values":[1,0,0,0,0,-0.7624,-0.6471,0,0,0.6471,-0.7624,0,0,0,0,1]},
{"frame":5,"values":[1,0,0,0,0,-0.7649,-0.6441,0,0,0.6441,-0.7649,0,0,0,0,1]},
{"frame":6,"values":[1,0,0,0,0,-0.7647,-0.6444,0,0,0.6444,-0.7647,0,0,0,0,1]},
{"frame":7,"values":[1,0,0,0,0,-0.764,-0.6452,0,0,0.6452,-0.764,0,0,0,0,1]},
{"frame":8,"values":[1,0,0,0,0,-0.7629,-0.6465,0,0,0.6465,-0.7629,0,0,0,0,1]},
{"frame":9,"values":[1,0,0,0,0,-0.7615,-0.6482,0,0,0.6482,-0.7615,0,0,0,0,1]},
{"frame":10,"values":[1,0,0,0,0,-0.7598,-0.6501,0,0,0.6501,-0.7598,0,0,0,0,1]},
{"frame":11,"values":[1,0,0,0,0,-0.7579,-0.6523,0,0,0.6523,-0.7579,0,0,0,0,1]},
{"frame":12,"values":[1,0,0,0,0,-0.7559,-0.6547,0,0,0.6547,-0.7559,0,0,0,0,1]},
{"frame":13,"values":[1,0,0,0,0,-0.7537,-0.6572,0,0,0.6572,-0.7537,0,0,0,0,1]},
{"frame":14,"values":[1,0,0,0,0,-0.7515,-0.6597,0,0,0.6597,-0.7515,0,0,0,0,1]},
{"frame":15,"values":[1,0,0,0,0,-0.7493,-0.6622,0,0,0.6622,-0.7493,0,0,0,0,1]},
{"frame":16,"values":[1,0,0,0,0,-0.7472,-0.6646,0,0,0.6646,-0.7472,0,0,0,0,1]},
{"frame":17,"values":[1,0,0,0,0,-0.7453,-0.6667,0,0,0.6667,-0.7453,0,0,0,0,1]},
{"frame":18,"values":[1,0,0,0,0,-0.7436,-0.6687,0,0,0.6687,-0.7436,0,0,0,0,1]},
{"frame":19,"values":[1,0,0,0,0,-0.7421,-0.6703,0,0,0.6703,-0.7421,0,0,0,0,1]},
{"frame":20,"values":[1,0,0,0,0,-0.741,-0.6715,0,0,0.6715,-0.741,0,0,0,0,1]},
{"frame":21,"values":[1,0,0,0,0,-0.7403,-0.6723,0,0,0.6723,-0.7403,0,0,0,0,1]},
{"frame":22,"values":[1,0,0,0,0,-0.74,-0.6726,0,0,0.6726,-0.74,0,0,0,0,1]},
{"frame":30,"values":[1,0,0,0,0,-0.74,-0.6726,0,0,0.6726,-0.74,0,0,0,0,1]},
{"frame":31,"values":[1,0.0006,0.0011,0,0.0012,-0.7419,-0.6705,0,0.0004,0.6705,-0.7419,0,0,0,0,1]},
{"frame":32,"values":[1,0.0024,0.0043,0,0.0047,-0.7477,-0.664,0,0.0017,0.6641,-0.7477,0,0,0,0,1]},
{"frame":33,"values":[0.9999,0.0054,0.0096,0,0.0103,-0.7569,-0.6534,0,0.0037,0.6535,-0.7569,0,0,0,0,1]},
{"frame":34,"values":[0.9998,0.0096,0.0167,0,0.018,-0.7692,-0.6388,0,0.0067,0.639,-0.7692,0,0,0,0,1]},
{"frame":35,"values":[0.9996,0.0149,0.0253,0,0.0274,-0.7839,-0.6203,0,0.0106,0.6207,-0.784,0,0,0,0,1]},
{"frame":36,"values":[0.9992,0.0213,0.0351,0,0.0381,-0.8003,-0.5983,0,0.0153,0.5992,-0.8005,0,0,0,0,1]},
{"frame":37,"values":[0.9985,0.0288,0.0458,0,0.0498,-0.8178,-0.5734,0,0.0209,0.5749,-0.818,0,0,0,0,1]},
{"frame":38,"values":[0.9977,0.037,0.0569,0,0.0621,-0.8354,-0.5461,0,0.0273,0.5484,-0.8358,0,0,0,0,1]},
{"frame":39,"values":[0.9966,0.0459,0.068,0,0.0745,-0.8525,-0.5173,0,0.0342,0.5207,-0.8531,0,0,0,0,1]},
{"frame":40,"values":[0.9966,0.0457,0.0678,0,0.0744,-0.852,-0.5182,0,0.0341,0.5216,-0.8525,0,0,0,0,1]},
{"frame":41,"values":[0.9967,0.0452,0.0674,0,0.0738,-0.8504,-0.5209,0,0.0338,0.5242,-0.8509,0,0,0,0,1]},
{"frame":42,"values":[0.9968,0.0444,0.0666,0,0.0729,-0.8477,-0.5254,0,0.0332,0.5286,-0.8482,0,0,0,0,1]},
{"frame":43,"values":[0.9969,0.0432,0.0656,0,0.0716,-0.844,-0.5315,0,0.0324,0.5345,-0.8445,0,0,0,0,1]},
{"frame":44,"values":[0.9971,0.0418,0.0643,0,0.0699,-0.8393,-0.5391,0,0.0314,0.542,-0.8398,0,0,0,0,1]},
{"frame":45,"values":[0.9972,0.0401,0.0627,0,0.068,-0.8337,-0.5481,0,0.0303,0.5508,-0.8341,0,0,0,0,1]},
{"frame":46,"values":[0.9974,0.0382,0.0609,0,0.0658,-0.8271,-0.5583,0,0.0291,0.5608,-0.8274,0,0,0,0,1]},
{"frame":47,"values":[0.9976,0.0361,0.0589,0,0.0633,-0.8196,-0.5694,0,0.0277,0.5718,-0.8199,0,0,0,0,1]},
{"frame":48,"values":[0.9978,0.0339,0.0567,0,0.0606,-0.8114,-0.5813,0,0.0263,0.5835,-0.8117,0,0,0,0,1]},
{"frame":49,"values":[0.998,0.0316,0.0543,0,0.0577,-0.8026,-0.5938,0,0.0248,0.5957,-0.8028,0,0,0,0,1]},
{"frame":50,"values":[0.9982,0.0293,0.0518,0,0.0547,-0.7932,-0.6065,0,0.0233,0.6082,-0.7934,0,0,0,0,1]},
{"frame":51,"values":[0.9984,0.0269,0.0492,0,0.0516,-0.7835,-0.6193,0,0.0218,0.6208,-0.7836,0,0,0,0,1]},
{"frame":52,"values":[0.9985,0.0267,0.0487,0,0.0511,-0.7831,-0.6198,0,0.0216,0.6214,-0.7832,0,0,0,0,1]},
{"frame":53,"values":[0.9986,0.0258,0.0472,0,0.0496,-0.7818,-0.6215,0,0.0209,0.623,-0.782,0,0,0,0,1]},
{"frame":54,"values":[0.9987,0.0244,0.0448,0,0.047,-0.7797,-0.6243,0,0.0197,0.6256,-0.7799,0,0,0,0,1]},
{"frame":55,"values":[0.9989,0.0224,0.0415,0,0.0435,-0.7769,-0.6281,0,0.0181,0.6292,-0.777,0,0,0,0,1]},
{"frame":56,"values":[0.9991,0.0201,0.0373,0,0.0392,-0.7733,-0.6328,0,0.0162,0.6337,-0.7734,0,0,0,0,1]},
{"frame":57,"values":[0.9993,0.0173,0.0324,0,0.034,-0.769,-0.6383,0,0.0139,0.639,-0.7691,0,0,0,0,1]},
{"frame":58,"values":[0.9995,0.0141,0.0268,0,0.0281,-0.7641,-0.6445,0,0.0114,0.6449,-0.7642,0,0,0,0,1]},
{"frame":59,"values":[0.9997,0.0108,0.0206,0,0.0216,-0.7586,-0.6511,0,0.0086,0.6514,-0.7587,0,0,0,0,1]},
{"frame":60,"values":[0.9999,0.0072,0.014,0,0.0147,-0.7527,-0.6582,0,0.0058,0.6583,-0.7527,0,0,0,0,1]},
{"frame":61,"values":[1,0.0036,0.0071,0,0.0074,-0.7465,-0.6654,0,0.0029,0.6654,-0.7465,0,0,0,0,1]},
{"frame":62,"values":[1,0,0,0,0,-0.74,-0.6726,0,0,0.6726,-0.74,0,0,0,0,1]}],"loopBehavior":1,"name":"anim","property":"_matrix"}},
{"name":"Tail_2","index":6,"matrix":[0.9994,-0.0314,-0.0176,0,0.0326,0.5847,0.8106,0,-0.0151,-0.8106,0.5853,0,0,1.2232,0,1],"rest":[1,0,0,0,0,0.3725,0.928,0,0,-0.928,0.3725,0,0,1.2232,0,1],"parentBoneIndex":5,"length":1.1149
,"animation":{"dataType":3,"framePerSecond":24,"keys":[
{"frame":0,"values":[1,0,0,0,0,0.3725,0.928,0,0,-0.928,0.3725,0,0,1.2232,0,1]},
{"frame":1,"values":[1,0,0,0,0,0.3775,0.926,0,0,-0.926,0.3775,0,0,1.2232,0,1]},
{"frame":2,"values":[1,0,0,0,0,0.3907,0.9205,0,0,-0.9205,0.3907,0,0,1.2232,0,1]},
{"frame":3,"values":[1,0,0,0,0,0.4092,0.9124,0,0,-0.9124,0.4092,0,0,1.2232,0,1]},
{"frame":4,"values":[1,0,0,0,0,0.4303,0.9027,0,0,-0.9027,0.4303,0,0,1.2232,0,1]},
{"frame":5,"values":[1,0,0,0,0,0.4511,0.8925,0,0,-0.8925,0.4511,0,0,1.2232,0,1]},
{"frame":6,"values":[1,0,0,0,0,0.469,0.8832,0,0,-0.8832,0.469,0,0,1.2232,0,1]},
{"frame":7,"values":[1,0,0,0,0,0.4816,0.8764,0,0,-0.8764,0.4816,0,0,1.2232,0,1]},
{"frame":8,"values":[1,0,0,0,0,0.4864,0.8738,0,0,-0.8738,0.4864,0,0,1.2232,0,1]},
{"frame":9,"values":[1,0,0,0,0,0.4848,0.8747,0,0,-0.8747,0.4848,0,0,1.2232,0,1]},
{"frame":10,"values":[1,0,0,0,0,0.4802,0.8771,0,0,-0.8771,0.4802,0,0,1.2232,0,1]},
{"frame":11,"values":[1,0,0,0,0,0.4733,0.8809,0,0,-0.8809,0.4733,0,0,1.2232,0,1]},
{"frame":12,"values":[1,0,0,0,0,0.4643,0.8857,0,0,-0.8857,0.4643,0,0,1.2232,0,1]},
{"frame":13,"values":[1,0,0,0,0,0.4539,0.8911,0,0,-0.8911,0.4539,0,0,1.2232,0,1]},
{"frame":14,"values":[1,0,0,0,0,0.4424,0.8968,0,0,-0.8968,0.4424,0,0,1.2232,0,1]},
{"frame":15,"values":[1,0,0,0,0,0.4303,0.9027,0,0,-0.9027,0.4303,0,0,1.2232,0,1]},
{"frame":16,"values":[1,0,0,0,0,0.4181,0.9084,0,0,-0.9084,0.4181,0,0,1.2232,0,1]},
{"frame":17,"values":[1,0,0,0,0,0.4064,0.9137,0,0,-0.9137,0.4064,0,0,1.2232,0,1]},
{"frame":18,"values":[1,0,0,0,0,0.3956,0.9184,0,0,-0.9184,0.3956,0,0,1.2232,0,1]},
{"frame":19,"values":[1,0,0,0,0,0.3863,0.9224,0,0,-0.9224,0.3863,0,0,1.2232,0,1]},
{"frame":20,"values":[1,0,0,0,0,0.3789,0.9254,0,0,-0.9254,0.3789,0,0,1.2232,0,1]},
{"frame":21,"values":[1,0,0,0,0,0.3742,0.9274,0,0,-0.9274,0.3742,0,0,1.2232,0,1]},
{"frame":22,"values":[1,0,0,0,0,0.3725,0.928,0,0,-0.928,0.3725,0,0,1.2232,0,1]},
{"frame":30,"values":[1,0,0,0,0,0.3725,0.928,0,0,-0.928,0.3725,0,0,1.2232,0,1]},
{"frame":31,"values":[1,-0.0005,-0.0003,0,0.0005,0.3761,0.9266,0,-0.0003,-0.9266,0.3761,0,0,1.2232,0,1]},
{"frame":32,"values":[1,-0.0019,-0.0014,0,0.002,0.387,0.9221,0,-0.0012,-0.9221,0.387,0,0,1.2232,0,1]},
{"frame":33,"values":[1,-0.0043,-0.003,0,0.0045,0.405,0.9143,0,-0.0027,-0.9143,0.405,0,0,1.2232,0,1]},
{"frame":34,"values":[1,-0.0076,-0.0052,0,0.008,0.4296,0.903,0,-0.0046,-0.903,0.4296,0,0,1.2232,0,1]},
{"frame":35,"values":[0.9999,-0.0119,-0.0079,0,0.0125,0.4603,0.8877,0,-0.007,-0.8877,0.4604,0,0,1.2232,0,1]},
{"frame":36,"values":[0.9998,-0.0173,-0.0109,0,0.0181,0.4965,0.8678,0,-0.0096,-0.8679,0.4967,0,0,1.2232,0,1]},
{"frame":37,"values":[0.9996,-0.0236,-0.0141,0,0.0246,0.5373,0.8431,0,-0.0123,-0.8431,0.5376,0,0,1.2232,0,1]},
{"frame":38,"values":[0.9994,-0.0308,-0.0174,0,0.0321,0.5815,0.8129,0,-0.0149,-0.813,0.5821,0,0,1.2232,0,1]},
{"frame":39,"values":[0.999,-0.0389,-0.0205,0,0.0404,0.628,0.7772,0,-0.0174,-0.7772,0.629,0,0,1.2232,0,1]},
{"frame":40,"values":[0.9986,-0.0479,-0.0233,0,0.0495,0.6754,0.7358,0,-0.0195,-0.7359,0.6769,0,0,1.2232,0,1]},
{"frame":41,"values":[0.998,-0.0574,-0.0256,0,0.0592,0.7224,0.6889,0,-0.0211,-0.6891,0.7244,0,0,1.2232,0,1]},
{"frame":42,"values":[0.9973,-0.0675,-0.0273,0,0.0694,0.7676,0.6371,0,-0.022,-0.6373,0.7703,0,0,1.2232,0,1]},
{"frame":43,"values":[0.9966,-0.0778,-0.0283,0,0.0797,0.8099,0.5812,0,-0.0223,-0.5815,0.8133,0,0,1.2232,0,1]},
{"frame":44,"values":[0.9957,-0.0882,-0.0286,0,0.0901,0.8481,0.5221,0,-0.0218,-0.5225,0.8524,0,0,1.2232,0,1]},
{"frame":45,"values":[0.9957,-0.0877,-0.0286,0,0.0897,0.8465,0.5247,0,-0.0218,-0.5251,0.8508,0,0,1.2232,0,1]},
{"frame":46,"values":[0.9958,-0.0864,-0.0286,0,0.0884,0.8419,0.5324,0,-0.0219,-0.5327,0.846,0,0,1.2232,0,1]},
{"frame":47,"values":[0.996,-0.0842,-0.0286,0,0.0861,0.8339,0.5451,0,-0.022,-0.5454,0.8379,0,0,1.2232,0,1]},
{"frame":48,"values":[0.9963,-0.0811,-0.0285,0,0.0831,0.8226,0.5625,0,-0.0222,-0.5628,0.8263,0,0,1.2232,0,1]},
{"frame":49,"values":[0.9966,-0.0772,-0.0283,0,0.0792,0.8076,0.5843,0,-0.0223,-0.5846,0.811,0,0,1.2232,0,1]},
{"frame":50,"values":[0.997,-0.0725,-0.0279,0,0.0744,0.7888,0.6101,0,-0.0222,-0.6104,0.7918,0,0,1.2232,0,1]},
{"frame":51,"values":[0.9974,-0.067,-0.0272,0,0.0689,0.7658,0.6393,0,-0.022,-0.6395,0.7685,0,0,1.2232,0,1]},
{"frame":52,"values":[0.9978,-0.0609,-0.0263,0,0.0627,0.7386,0.6713,0,-0.0215,-0.6714,0.7408,0,0,1.2232,0,1]},
{"frame":53,"values":[0.9982,-0.0541,-0.0249,0,0.0559,0.7068,0.7052,0,-0.0206,-0.7054,0.7086,0,0,1.2232,0,1]},
{"frame":54,"values":[0.9986,-0.0469,-0.023,0,0.0485,0.6705,0.7403,0,-0.0193,-0.7404,0.6718,0,0,1.2232,0,1]},
{"frame":55,"values":[0.999,-0.0393,-0.0206,0,0.0407,0.6297,0.7758,0,-0.0175,-0.7758,0.6307,0,0,1.2232,0,1]},
{"frame":56,"values":[0.9994,-0.0314,-0.0176,0,0.0326,0.5847,0.8106,0,-0.0151,-0.8106,0.5853,0,0,1.2232,0,1]},
{"frame":57,"values":[0.9996,-0.0233,-0.014,0,0.0244,0.5359,0.844,0,-0.0122,-0.844,0.5362,0,0,1.2232,0,1]},
{"frame":58,"values":[0.9998,-0.0154,-0.0099,0,0.0161,0.4837,0.8751,0,-0.0087,-0.8751,0.4839,0,0,1.2232,0,1]},
{"frame":59,"values":[1,-0.0075,-0.0052,0,0.0079,0.429,0.9033,0,-0.0046,-0.9033,0.429,0,0,1.2232,0,1]},
{"frame":60,"values":[1,0,0,0,0,0.3725,0.928,0,0,-0.928,0.3725,0,0,1.2232,0,1]},
{"frame":62,"values":[1,0,0,0,0,0.3725,0.928,0,0,-0.928,0.3725,0,0,1.2232,0,1]}],"loopBehavior":1,"name":"anim","property":"_matrix"}},
{"name":"Tail_3","index":7,"matrix":[-0.9972,0.0662,-0.0361,0,-0.0148,0.2982,0.9544,0,0.074,0.9522,-0.2964,0,0,1.1149,0,1],"rest":[-1,0,0,0,0,0.0502,0.9987,0,0,0.9987,-0.0502,0,0,1.1149,0,1],"parentBoneIndex":6,"length":0.9126
,"animation":{"dataType":3,"framePerSecond":24,"keys":[
{"frame":0,"values":[-1,0,0,0,0,0.0502,0.9987,0,0,0.9987,-0.0502,0,0,1.1149,0,1]},
{"frame":1,"values":[-1,0,0,0,0,0.0516,0.9987,0,0,0.9987,-0.0516,0,0,1.1149,0,1]},
{"frame":2,"values":[-1,0,0,0,0,0.0557,0.9985,0,0,0.9985,-0.0557,0,0,1.1149,0,1]},
{"frame":3,"values":[-1,0,0,0,0,0.0618,0.9981,0,0,0.9981,-0.0618,0,0,1.1149,0,1]},
{"frame":4,"values":[-1,0,0,0,0,0.0695,0.9976,0,0,0.9976,-0.0695,0,0,1.1149,0,1]},
{"frame":5,"values":[-1,0,0,0,0,0.0785,0.9969,0,0,0.9969,-0.0785,0,0,1.1149,0,1]},
{"frame":6,"values":[-1,0,0,0,0,0.0881,0.9961,0,0,0.9961,-0.0881,0,0,1.1149,0,1]},
{"frame":7,"values":[-1,0,0,0,0,0.098,0.9952,0,0,0.9952,-0.098,0,0,1.1149,0,1]},
{"frame":8,"values":[-1,0,0,0,0,0.1076,0.9942,0,0,0.9942,-0.1076,0,0,1.1149,0,1]},
{"frame":9,"values":[-1,0,0,0,0,0.1165,0.9932,0,0,0.9932,-0.1165,0,0,1.1149,0,1]},
{"frame":10,"values":[-1,0,0,0,0,0.1242,0.9923,0,0,0.9923,-0.1242,0,0,1.1149,0,1]},
{"frame":11,"values":[-1,0,0,0,0,0.1303,0.9915,0,0,0.9915,-0.1303,0,0,1.1149,0,1]},
{"frame":12,"values":[-1,0,0,0,0,0.1343,0.9909,0,0,0.9909,-0.1343,0,0,1.1149,0,1]},
{"frame":13,"values":[-1,0,0,0,0,0.1357,0.9907,0,0,0.9907,-0.1357,0,0,1.1149,0,1]},
{"frame":14,"values":[-1,0,0,0,0,0.1328,0.9911,0,0,0.9911,-0.1328,0,0,1.1149,0,1]},
{"frame":15,"values":[-1,0,0,0,0,0.125,0.9922,0,0,0.9922,-0.125,0,0,1.1149,0,1]},
{"frame":16,"values":[-1,0,0,0,0,0.1136,0.9935,0,0,0.9935,-0.1136,0,0,1.1149,0,1]},
{"frame":17,"values":[-1,0,0,0,0,0.1001,0.995,0,0,0.995,-0.1001,0,0,1.1149,0,1]},
{"frame":18,"values":[-1,0,0,0,0,0.0859,0.9963,0,0,0.9963,-0.0859,0,0,1.1149,0,1]},
{"frame":19,"values":[-1,0,0,0,0,0.0724,0.9974,0,0,0.9974,-0.0724,0,0,1.1149,0,1]},
